MeshVersionFormatted 1
Dimension 3
Vertices
729
-0.5 -0.5 -0.5 0
-0.5 -0.5 -0.375 0
-0.375 -0.5 -0.375 0
-0.375 -0.5 -0.5 0
-0.5 -0.375 -0.5 0
-0.5 -0.375 -0.375 0
-0.375 -0.375 -0.375 0
-0.375 -0.375 -0.5 0
-0.5 -0.5 -0.25 0
-0.375 -0.5 -0.25 0
-0.5 -0.375 -0.25 0
-0.375 -0.375 -0.25 0
-0.25 -0.5 -0.25 0
-0.25 -0.5 -0.375 0
-0.25 -0.375 -0.25 0
-0.25 -0.375 -0.375 0
-0.25 -0.5 -0.5 0
-0.25 -0.375 -0.5 0
-0.5 -0.25 -0.5 0
-0.5 -0.25 -0.375 0
-0.375 -0.25 -0.375 0
-0.375 -0.25 -0.5 0
-0.5 -0.25 -0.25 0
-0.375 -0.25 -0.25 0
-0.25 -0.25 -0.25 0
-0.25 -0.25 -0.375 0
-0.25 -0.25 -0.5 0
-0.5 -0.5 -0.125 0
-0.375 -0.5 -0.125 0
-0.5 -0.375 -0.125 0
-0.375 -0.375 -0.125 0
-0.5 -0.5 0.0 0
-0.375 -0.5 0.0 0
-0.5 -0.375 0.0 0
-0.375 -0.375 0.0 0
-0.25 -0.5 0.0 0
-0.25 -0.5 -0.125 0
-0.25 -0.375 0.0 0
-0.25 -0.375 -0.125 0
-0.5 -0.25 -0.125 0
-0.375 -0.25 -0.125 0
-0.5 -0.25 0.0 0
-0.375 -0.25 0.0 0
-0.25 -0.25 0.0 0
-0.25 -0.25 -0.125 0
-0.125 -0.5 -0.125 0
-0.125 -0.5 -0.25 0
-0.125 -0.375 -0.125 0
-0.125 -0.375 -0.25 0
-0.125 -0.5 0.0 0
-0.125 -0.375 0.0 0
0.0 -0.5 0.0 0
0.0 -0.5 -0.125 0
0.0 -0.375 0.0 0
0.0 -0.375 -0.125 0
0.0 -0.5 -0.25 0
0.0 -0.375 -0.25 0
-0.125 -0.25 -0.125 0
-0.125 -0.25 -0.25 0
-0.125 -0.25 0.0 0
0.0 -0.25 0.0 0
0.0 -0.25 -0.125 0
0.0 -0.25 -0.25 0
-0.125 -0.5 -0.375 0
-0.125 -0.5 -0.5 0
-0.125 -0.375 -0.375 0
-0.125 -0.375 -0.5 0
0.0 -0.5 -0.375 0
0.0 -0.375 -0.375 0
0.0 -0.5 -0.5 0
0.0 -0.375 -0.5 0
-0.125 -0.25 -0.375 0
-0.125 -0.25 -0.5 0
0.0 -0.25 -0.375 0
0.0 -0.25 -0.5 0
-0.5 -0.125 -0.5 0
-0.5 -0.125 -0.375 0
-0.375 -0.125 -0.375 0
-0.375 -0.125 -0.5 0
-0.5 -0.125 -0.25 0
-0.375 -0.125 -0.25 0
-0.25 -0.125 -0.25 0
-0.25 -0.125 -0.375 0
-0.25 -0.125 -0.5 0
-0.5 0.0 -0.5 0
-0.5 0.0 -0.375 0
-0.375 0.0 -0.375 0
-0.375 0.0 -0.5 0
-0.5 0.0 -0.25 0
-0.375 0.0 -0.25 0
-0.25 0.0 -0.25 0
-0.25 0.0 -0.375 0
-0.25 0.0 -0.5 0
-0.5 -0.125 -0.125 0
-0.375 -0.125 -0.125 0
-0.5 -0.125 0.0 0
-0.375 -0.125 0.0 0
-0.25 -0.125 0.0 0
-0.25 -0.125 -0.125 0
-0.5 0.0 -0.125 0
-0.375 0.0 -0.125 0
-0.5 0.0 0.0 0
-0.375 0.0 0.0 0
-0.25 0.0 0.0 0
-0.25 0.0 -0.125 0
-0.125 -0.125 -0.125 0
-0.125 -0.125 -0.25 0
-0.125 -0.125 0.0 0
0.0 -0.125 0.0 0
0.0 -0.125 -0.125 0
0.0 -0.125 -0.25 0
-0.125 0.0 -0.125 0
-0.125 0.0 -0.25 0
-0.125 0.0 0.0 0
0.0 0.0 0.0 0
0.0 0.0 -0.125 0
0.0 0.0 -0.25 0
-0.125 -0.125 -0.375 0
-0.125 -0.125 -0.5 0
0.0 -0.125 -0.375 0
0.0 -0.125 -0.5 0
-0.125 0.0 -0.375 0
-0.125 0.0 -0.5 0
0.0 0.0 -0.375 0
0.0 0.0 -0.5 0
-0.5 -0.5 0.125 0
-0.375 -0.5 0.125 0
-0.5 -0.375 0.125 0
-0.375 -0.375 0.125 0
-0.5 -0.5 0.25 0
-0.375 -0.5 0.25 0
-0.5 -0.375 0.25 0
-0.375 -0.375 0.25 0
-0.25 -0.5 0.25 0
-0.25 -0.5 0.125 0
-0.25 -0.375 0.25 0
-0.25 -0.375 0.125 0
-0.5 -0.25 0.125 0
-0.375 -0.25 0.125 0
-0.5 -0.25 0.25 0
-0.375 -0.25 0.25 0
-0.25 -0.25 0.25 0
-0.25 -0.25 0.125 0
-0.5 -0.5 0.375 0
-0.375 -0.5 0.375 0
-0.5 -0.375 0.375 0
-0.375 -0.375 0.375 0
-0.5 -0.5 0.5 0
-0.375 -0.5 0.5 0
-0.5 -0.375 0.5 0
-0.375 -0.375 0.5 0
-0.25 -0.5 0.5 0
-0.25 -0.5 0.375 0
-0.25 -0.375 0.5 0
-0.25 -0.375 0.375 0
-0.5 -0.25 0.375 0
-0.375 -0.25 0.375 0
-0.5 -0.25 0.5 0
-0.375 -0.25 0.5 0
-0.25 -0.25 0.5 0
-0.25 -0.25 0.375 0
-0.125 -0.5 0.375 0
-0.125 -0.5 0.25 0
-0.125 -0.375 0.375 0
-0.125 -0.375 0.25 0
-0.125 -0.5 0.5 0
-0.125 -0.375 0.5 0
0.0 -0.5 0.5 0
0.0 -0.5 0.375 0
0.0 -0.375 0.5 0
0.0 -0.375 0.375 0
0.0 -0.5 0.25 0
0.0 -0.375 0.25 0
-0.125 -0.25 0.375 0
-0.125 -0.25 0.25 0
-0.125 -0.25 0.5 0
0.0 -0.25 0.5 0
0.0 -0.25 0.375 0
0.0 -0.25 0.25 0
-0.125 -0.5 0.125 0
-0.125 -0.375 0.125 0
0.0 -0.5 0.125 0
0.0 -0.375 0.125 0
-0.125 -0.25 0.125 0
0.0 -0.25 0.125 0
-0.5 -0.125 0.125 0
-0.375 -0.125 0.125 0
-0.5 -0.125 0.25 0
-0.375 -0.125 0.25 0
-0.25 -0.125 0.25 0
-0.25 -0.125 0.125 0
-0.5 0.0 0.125 0
-0.375 0.0 0.125 0
-0.5 0.0 0.25 0
-0.375 0.0 0.25 0
-0.25 0.0 0.25 0
-0.25 0.0 0.125 0
-0.5 -0.125 0.375 0
-0.375 -0.125 0.375 0
-0.5 -0.125 0.5 0
-0.375 -0.125 0.5 0
-0.25 -0.125 0.5 0
-0.25 -0.125 0.375 0
-0.5 0.0 0.375 0
-0.375 0.0 0.375 0
-0.5 0.0 0.5 0
-0.375 0.0 0.5 0
-0.25 0.0 0.5 0
-0.25 0.0 0.375 0
-0.125 -0.125 0.375 0
-0.125 -0.125 0.25 0
-0.125 -0.125 0.5 0
0.0 -0.125 0.5 0
0.0 -0.125 0.375 0
0.0 -0.125 0.25 0
-0.125 0.0 0.375 0
-0.125 0.0 0.25 0
-0.125 0.0 0.5 0
0.0 0.0 0.5 0
0.0 0.0 0.375 0
0.0 0.0 0.25 0
-0.125 -0.125 0.125 0
0.0 -0.125 0.125 0
-0.125 0.0 0.125 0
0.0 0.0 0.125 0
0.125 -0.5 0.125 0
0.125 -0.5 0.0 0
0.125 -0.375 0.125 0
0.125 -0.375 0.0 0
0.125 -0.5 0.25 0
0.125 -0.375 0.25 0
0.25 -0.5 0.25 0
0.25 -0.5 0.125 0
0.25 -0.375 0.25 0
0.25 -0.375 0.125 0
0.25 -0.5 0.0 0
0.25 -0.375 0.0 0
0.125 -0.25 0.125 0
0.125 -0.25 0.0 0
0.125 -0.25 0.25 0
0.25 -0.25 0.25 0
0.25 -0.25 0.125 0
0.25 -0.25 0.0 0
0.125 -0.5 0.375 0
0.125 -0.375 0.375 0
0.125 -0.5 0.5 0
0.125 -0.375 0.5 0
0.25 -0.5 0.5 0
0.25 -0.5 0.375 0
0.25 -0.375 0.5 0
0.25 -0.375 0.375 0
0.125 -0.25 0.375 0
0.125 -0.25 0.5 0
0.25 -0.25 0.5 0
0.25 -0.25 0.375 0
0.375 -0.5 0.375 0
0.375 -0.5 0.25 0
0.375 -0.375 0.375 0
0.375 -0.375 0.25 0
0.375 -0.5 0.5 0
0.375 -0.375 0.5 0
0.5 -0.5 0.5 0
0.5 -0.5 0.375 0
0.5 -0.375 0.5 0
0.5 -0.375 0.375 0
0.5 -0.5 0.25 0
0.5 -0.375 0.25 0
0.375 -0.25 0.375 0
0.375 -0.25 0.25 0
0.375 -0.25 0.5 0
0.5 -0.25 0.5 0
0.5 -0.25 0.375 0
0.5 -0.25 0.25 0
0.375 -0.5 0.125 0
0.375 -0.5 0.0 0
0.375 -0.375 0.125 0
0.375 -0.375 0.0 0
0.5 -0.5 0.125 0
0.5 -0.375 0.125 0
0.5 -0.5 0.0 0
0.5 -0.375 0.0 0
0.375 -0.25 0.125 0
0.375 -0.25 0.0 0
0.5 -0.25 0.125 0
0.5 -0.25 0.0 0
0.125 -0.125 0.125 0
0.125 -0.125 0.0 0
0.125 -0.125 0.25 0
0.25 -0.125 0.25 0
0.25 -0.125 0.125 0
0.25 -0.125 0.0 0
0.125 0.0 0.125 0
0.125 0.0 0.0 0
0.125 0.0 0.25 0
0.25 0.0 0.25 0
0.25 0.0 0.125 0
0.25 0.0 0.0 0
0.125 -0.125 0.375 0
0.125 -0.125 0.5 0
0.25 -0.125 0.5 0
0.25 -0.125 0.375 0
0.125 0.0 0.375 0
0.125 0.0 0.5 0
0.25 0.0 0.5 0
0.25 0.0 0.375 0
0.375 -0.125 0.375 0
0.375 -0.125 0.25 0
0.375 -0.125 0.5 0
0.5 -0.125 0.5 0
0.5 -0.125 0.375 0
0.5 -0.125 0.25 0
0.375 0.0 0.375 0
0.375 0.0 0.25 0
0.375 0.0 0.5 0
0.5 0.0 0.5 0
0.5 0.0 0.375 0
0.5 0.0 0.25 0
0.375 -0.125 0.125 0
0.375 -0.125 0.0 0
0.5 -0.125 0.125 0
0.5 -0.125 0.0 0
0.375 0.0 0.125 0
0.375 0.0 0.0 0
0.5 0.0 0.125 0
0.5 0.0 0.0 0
0.125 -0.5 -0.375 0
0.125 -0.5 -0.5 0
0.125 -0.375 -0.375 0
0.125 -0.375 -0.5 0
0.125 -0.5 -0.25 0
0.125 -0.375 -0.25 0
0.25 -0.5 -0.25 0
0.25 -0.5 -0.375 0
0.25 -0.375 -0.25 0
0.25 -0.375 -0.375 0
0.25 -0.5 -0.5 0
0.25 -0.375 -0.5 0
0.125 -0.25 -0.375 0
0.125 -0.25 -0.5 0
0.125 -0.25 -0.25 0
0.25 -0.25 -0.25 0
0.25 -0.25 -0.375 0
0.25 -0.25 -0.5 0
0.125 -0.5 -0.125 0
0.125 -0.375 -0.125 0
0.25 -0.5 -0.125 0
0.25 -0.375 -0.125 0
0.125 -0.25 -0.125 0
0.25 -0.25 -0.125 0
0.375 -0.5 -0.125 0
0.375 -0.5 -0.25 0
0.375 -0.375 -0.125 0
0.375 -0.375 -0.25 0
0.5 -0.5 -0.125 0
0.5 -0.375 -0.125 0
0.5 -0.5 -0.25 0
0.5 -0.375 -0.25 0
0.375 -0.25 -0.125 0
0.375 -0.25 -0.25 0
0.5 -0.25 -0.125 0
0.5 -0.25 -0.25 0
0.375 -0.5 -0.375 0
0.375 -0.5 -0.5 0
0.375 -0.375 -0.375 0
0.375 -0.375 -0.5 0
0.5 -0.5 -0.375 0
0.5 -0.375 -0.375 0
0.5 -0.5 -0.5 0
0.5 -0.375 -0.5 0
0.375 -0.25 -0.375 0
0.375 -0.25 -0.5 0
0.5 -0.25 -0.375 0
0.5 -0.25 -0.5 0
0.125 -0.125 -0.375 0
0.125 -0.125 -0.5 0
0.125 -0.125 -0.25 0
0.25 -0.125 -0.25 0
0.25 -0.125 -0.375 0
0.25 -0.125 -0.5 0
0.125 0.0 -0.375 0
0.125 0.0 -0.5 0
0.125 0.0 -0.25 0
0.25 0.0 -0.25 0
0.25 0.0 -0.375 0
0.25 0.0 -0.5 0
0.125 -0.125 -0.125 0
0.25 -0.125 -0.125 0
0.125 0.0 -0.125 0
0.25 0.0 -0.125 0
0.375 -0.125 -0.125 0
0.375 -0.125 -0.25 0
0.5 -0.125 -0.125 0
0.5 -0.125 -0.25 0
0.375 0.0 -0.125 0
0.375 0.0 -0.25 0
0.5 0.0 -0.125 0
0.5 0.0 -0.25 0
0.375 -0.125 -0.375 0
0.375 -0.125 -0.5 0
0.5 -0.125 -0.375 0
0.5 -0.125 -0.5 0
0.375 0.0 -0.375 0
0.375 0.0 -0.5 0
0.5 0.0 -0.375 0
0.5 0.0 -0.5 0
-0.5 0.125 -0.5 0
-0.5 0.125 -0.375 0
-0.375 0.125 -0.375 0
-0.375 0.125 -0.5 0
-0.5 0.125 -0.25 0
-0.375 0.125 -0.25 0
-0.25 0.125 -0.25 0
-0.25 0.125 -0.375 0
-0.25 0.125 -0.5 0
-0.5 0.25 -0.5 0
-0.5 0.25 -0.375 0
-0.375 0.25 -0.375 0
-0.375 0.25 -0.5 0
-0.5 0.25 -0.25 0
-0.375 0.25 -0.25 0
-0.25 0.25 -0.25 0
-0.25 0.25 -0.375 0
-0.25 0.25 -0.5 0
-0.5 0.125 -0.125 0
-0.375 0.125 -0.125 0
-0.5 0.125 0.0 0
-0.375 0.125 0.0 0
-0.25 0.125 0.0 0
-0.25 0.125 -0.125 0
-0.5 0.25 -0.125 0
-0.375 0.25 -0.125 0
-0.5 0.25 0.0 0
-0.375 0.25 0.0 0
-0.25 0.25 0.0 0
-0.25 0.25 -0.125 0
-0.125 0.125 -0.125 0
-0.125 0.125 -0.25 0
-0.125 0.125 0.0 0
0.0 0.125 0.0 0
0.0 0.125 -0.125 0
0.0 0.125 -0.25 0
-0.125 0.25 -0.125 0
-0.125 0.25 -0.25 0
-0.125 0.25 0.0 0
0.0 0.25 0.0 0
0.0 0.25 -0.125 0
0.0 0.25 -0.25 0
-0.125 0.125 -0.375 0
-0.125 0.125 -0.5 0
0.0 0.125 -0.375 0
0.0 0.125 -0.5 0
-0.125 0.25 -0.375 0
-0.125 0.25 -0.5 0
0.0 0.25 -0.375 0
0.0 0.25 -0.5 0
-0.5 0.375 -0.5 0
-0.5 0.375 -0.375 0
-0.375 0.375 -0.375 0
-0.375 0.375 -0.5 0
-0.5 0.375 -0.25 0
-0.375 0.375 -0.25 0
-0.25 0.375 -0.25 0
-0.25 0.375 -0.375 0
-0.25 0.375 -0.5 0
-0.5 0.5 -0.5 0
-0.5 0.5 -0.375 0
-0.375 0.5 -0.375 0
-0.375 0.5 -0.5 0
-0.5 0.5 -0.25 0
-0.375 0.5 -0.25 0
-0.25 0.5 -0.25 0
-0.25 0.5 -0.375 0
-0.25 0.5 -0.5 0
-0.5 0.375 -0.125 0
-0.375 0.375 -0.125 0
-0.5 0.375 0.0 0
-0.375 0.375 0.0 0
-0.25 0.375 0.0 0
-0.25 0.375 -0.125 0
-0.5 0.5 -0.125 0
-0.375 0.5 -0.125 0
-0.5 0.5 0.0 0
-0.375 0.5 0.0 0
-0.25 0.5 0.0 0
-0.25 0.5 -0.125 0
-0.125 0.375 -0.125 0
-0.125 0.375 -0.25 0
-0.125 0.375 0.0 0
0.0 0.375 0.0 0
0.0 0.375 -0.125 0
0.0 0.375 -0.25 0
-0.125 0.5 -0.125 0
-0.125 0.5 -0.25 0
-0.125 0.5 0.0 0
0.0 0.5 0.0 0
0.0 0.5 -0.125 0
0.0 0.5 -0.25 0
-0.125 0.375 -0.375 0
-0.125 0.375 -0.5 0
0.0 0.375 -0.375 0
0.0 0.375 -0.5 0
-0.125 0.5 -0.375 0
-0.125 0.5 -0.5 0
0.0 0.5 -0.375 0
0.0 0.5 -0.5 0
-0.5 0.125 0.125 0
-0.375 0.125 0.125 0
-0.5 0.125 0.25 0
-0.375 0.125 0.25 0
-0.25 0.125 0.25 0
-0.25 0.125 0.125 0
-0.5 0.25 0.125 0
-0.375 0.25 0.125 0
-0.5 0.25 0.25 0
-0.375 0.25 0.25 0
-0.25 0.25 0.25 0
-0.25 0.25 0.125 0
-0.5 0.125 0.375 0
-0.375 0.125 0.375 0
-0.5 0.125 0.5 0
-0.375 0.125 0.5 0
-0.25 0.125 0.5 0
-0.25 0.125 0.375 0
-0.5 0.25 0.375 0
-0.375 0.25 0.375 0
-0.5 0.25 0.5 0
-0.375 0.25 0.5 0
-0.25 0.25 0.5 0
-0.25 0.25 0.375 0
-0.125 0.125 0.375 0
-0.125 0.125 0.25 0
-0.125 0.125 0.5 0
0.0 0.125 0.5 0
0.0 0.125 0.375 0
0.0 0.125 0.25 0
-0.125 0.25 0.375 0
-0.125 0.25 0.25 0
-0.125 0.25 0.5 0
0.0 0.25 0.5 0
0.0 0.25 0.375 0
0.0 0.25 0.25 0
-0.125 0.125 0.125 0
0.0 0.125 0.125 0
-0.125 0.25 0.125 0
0.0 0.25 0.125 0
-0.5 0.375 0.125 0
-0.375 0.375 0.125 0
-0.5 0.375 0.25 0
-0.375 0.375 0.25 0
-0.25 0.375 0.25 0
-0.25 0.375 0.125 0
-0.5 0.5 0.125 0
-0.375 0.5 0.125 0
-0.5 0.5 0.25 0
-0.375 0.5 0.25 0
-0.25 0.5 0.25 0
-0.25 0.5 0.125 0
-0.5 0.375 0.375 0
-0.375 0.375 0.375 0
-0.5 0.375 0.5 0
-0.375 0.375 0.5 0
-0.25 0.375 0.5 0
-0.25 0.375 0.375 0
-0.5 0.5 0.375 0
-0.375 0.5 0.375 0
-0.5 0.5 0.5 0
-0.375 0.5 0.5 0
-0.25 0.5 0.5 0
-0.25 0.5 0.375 0
-0.125 0.375 0.375 0
-0.125 0.375 0.25 0
-0.125 0.375 0.5 0
0.0 0.375 0.5 0
0.0 0.375 0.375 0
0.0 0.375 0.25 0
-0.125 0.5 0.375 0
-0.125 0.5 0.25 0
-0.125 0.5 0.5 0
0.0 0.5 0.5 0
0.0 0.5 0.375 0
0.0 0.5 0.25 0
-0.125 0.375 0.125 0
0.0 0.375 0.125 0
-0.125 0.5 0.125 0
0.0 0.5 0.125 0
0.125 0.125 0.125 0
0.125 0.125 0.0 0
0.125 0.125 0.25 0
0.25 0.125 0.25 0
0.25 0.125 0.125 0
0.25 0.125 0.0 0
0.125 0.25 0.125 0
0.125 0.25 0.0 0
0.125 0.25 0.25 0
0.25 0.25 0.25 0
0.25 0.25 0.125 0
0.25 0.25 0.0 0
0.125 0.125 0.375 0
0.125 0.125 0.5 0
0.25 0.125 0.5 0
0.25 0.125 0.375 0
0.125 0.25 0.375 0
0.125 0.25 0.5 0
0.25 0.25 0.5 0
0.25 0.25 0.375 0
0.375 0.125 0.375 0
0.375 0.125 0.25 0
0.375 0.125 0.5 0
0.5 0.125 0.5 0
0.5 0.125 0.375 0
0.5 0.125 0.25 0
0.375 0.25 0.375 0
0.375 0.25 0.25 0
0.375 0.25 0.5 0
0.5 0.25 0.5 0
0.5 0.25 0.375 0
0.5 0.25 0.25 0
0.375 0.125 0.125 0
0.375 0.125 0.0 0
0.5 0.125 0.125 0
0.5 0.125 0.0 0
0.375 0.25 0.125 0
0.375 0.25 0.0 0
0.5 0.25 0.125 0
0.5 0.25 0.0 0
0.125 0.375 0.125 0
0.125 0.375 0.0 0
0.125 0.375 0.25 0
0.25 0.375 0.25 0
0.25 0.375 0.125 0
0.25 0.375 0.0 0
0.125 0.5 0.125 0
0.125 0.5 0.0 0
0.125 0.5 0.25 0
0.25 0.5 0.25 0
0.25 0.5 0.125 0
0.25 0.5 0.0 0
0.125 0.375 0.375 0
0.125 0.375 0.5 0
0.25 0.375 0.5 0
0.25 0.375 0.375 0
0.125 0.5 0.375 0
0.125 0.5 0.5 0
0.25 0.5 0.5 0
0.25 0.5 0.375 0
0.375 0.375 0.375 0
0.375 0.375 0.25 0
0.375 0.375 0.5 0
0.5 0.375 0.5 0
0.5 0.375 0.375 0
0.5 0.375 0.25 0
0.375 0.5 0.375 0
0.375 0.5 0.25 0
0.375 0.5 0.5 0
0.5 0.5 0.5 0
0.5 0.5 0.375 0
0.5 0.5 0.25 0
0.375 0.375 0.125 0
0.375 0.375 0.0 0
0.5 0.375 0.125 0
0.5 0.375 0.0 0
0.375 0.5 0.125 0
0.375 0.5 0.0 0
0.5 0.5 0.125 0
0.5 0.5 0.0 0
0.125 0.125 -0.375 0
0.125 0.125 -0.5 0
0.125 0.125 -0.25 0
0.25 0.125 -0.25 0
0.25 0.125 -0.375 0
0.25 0.125 -0.5 0
0.125 0.25 -0.375 0
0.125 0.25 -0.5 0
0.125 0.25 -0.25 0
0.25 0.25 -0.25 0
0.25 0.25 -0.375 0
0.25 0.25 -0.5 0
0.125 0.125 -0.125 0
0.25 0.125 -0.125 0
0.125 0.25 -0.125 0
0.25 0.25 -0.125 0
0.375 0.125 -0.125 0
0.375 0.125 -0.25 0
0.5 0.125 -0.125 0
0.5 0.125 -0.25 0
0.375 0.25 -0.125 0
0.375 0.25 -0.25 0
0.5 0.25 -0.125 0
0.5 0.25 -0.25 0
0.375 0.125 -0.375 0
0.375 0.125 -0.5 0
0.5 0.125 -0.375 0
0.5 0.125 -0.5 0
0.375 0.25 -0.375 0
0.375 0.25 -0.5 0
0.5 0.25 -0.375 0
0.5 0.25 -0.5 0
0.125 0.375 -0.375 0
0.125 0.375 -0.5 0
0.125 0.375 -0.25 0
0.25 0.375 -0.25 0
0.25 0.375 -0.375 0
0.25 0.375 -0.5 0
0.125 0.5 -0.375 0
0.125 0.5 -0.5 0
0.125 0.5 -0.25 0
0.25 0.5 -0.25 0
0.25 0.5 -0.375 0
0.25 0.5 -0.5 0
0.125 0.375 -0.125 0
0.25 0.375 -0.125 0
0.125 0.5 -0.125 0
0.25 0.5 -0.125 0
0.375 0.375 -0.125 0
0.375 0.375 -0.25 0
0.5 0.375 -0.125 0
0.5 0.375 -0.25 0
0.375 0.5 -0.125 0
0.375 0.5 -0.25 0
0.5 0.5 -0.125 0
0.5 0.5 -0.25 0
0.375 0.375 -0.375 0
0.375 0.375 -0.5 0
0.5 0.375 -0.375 0
0.5 0.375 -0.5 0
0.375 0.5 -0.375 0
0.375 0.5 -0.5 0
0.5 0.5 -0.375 0
0.5 0.5 -0.5 0
Hexahedra
512
1 2 3 4 5 6 7 8 1
2 9 10 3 6 11 12 7 3
3 10 13 14 7 12 15 16 2
4 3 14 17 8 7 16 18 4
5 6 7 8 19 20 21 22 3
6 11 12 7 20 23 24 21 4
7 12 15 16 21 24 25 26 1
8 7 16 18 22 21 26 27 1
9 28 29 10 11 30 31 12 3
28 32 33 29 30 34 35 31 1
29 33 36 37 31 35 38 39 2
10 29 37 13 12 31 39 15 0
11 30 31 12 23 40 41 24 2
30 34 35 31 40 42 43 41 3
31 35 38 39 41 43 44 45 3
12 31 39 15 24 41 45 25 2
13 37 46 47 15 39 48 49 4
37 36 50 46 39 38 51 48 2
46 50 52 53 48 51 54 55 2
47 46 53 56 49 48 55 57 1
15 39 48 49 25 45 58 59 3
39 38 51 48 45 44 60 58 3
48 51 54 55 58 60 61 62 2
49 48 55 57 59 58 62 63 4
17 14 64 65 18 16 66 67 4
14 13 47 64 16 15 49 66 1
64 47 56 68 66 49 57 69 0
65 64 68 70 67 66 69 71 1
18 16 66 67 27 26 72 73 2
16 15 49 66 26 25 59 72 0
66 49 57 69 72 59 63 74 1
67 66 69 71 73 72 74 75 1
19 20 21 22 76 77 78 79 4
20 23 24 21 77 80 81 78 2
21 24 25 26 78 81 82 83 2
22 21 26 27 79 78 83 84 0
76 77 78 79 85 86 87 88 3
77 80 81 78 86 89 90 87 1
78 81 82 83 87 90 91 92 3
79 78 83 84 88 87 92 93 4
23 40 41 24 80 94 95 81 2
40 42 43 41 94 96 97 95 2
41 43 44 45 95 97 98 99 0
24 41 45 25 81 95 99 82 2
80 94 95 81 89 100 101 90 3
94 96 97 95 100 102 103 101 3
95 97 98 99 101 103 104 105 3
81 95 99 82 90 101 105 91 3
25 45 58 59 82 99 106 107 4
45 44 60 58 99 98 108 106 1
58 60 61 62 106 108 109 110 4
59 58 62 63 107 106 110 111 1
82 99 106 107 91 105 112 113 3
99 98 108 106 105 104 114 112 0
106 108 109 110 112 114 115 116 3
107 106 110 111 113 112 116 117 0
27 26 72 73 84 83 118 119 1
26 25 59 72 83 82 107 118 3
72 59 63 74 118 107 111 120 3
73 72 74 75 119 118 120 121 4
84 83 118 119 93 92 122 123 2
83 82 107 118 92 91 113 122 2
118 107 111 120 122 113 117 124 3
119 118 120 121 123 122 124 125 2
32 126 127 33 34 128 129 35 0
126 130 131 127 128 132 133 129 1
127 131 134 135 129 133 136 137 0
33 127 135 36 35 129 137 38 3
34 128 129 35 42 138 139 43 4
128 132 133 129 138 140 141 139 4
129 133 136 137 139 141 142 143 1
35 129 137 38 43 139 143 44 0
130 144 145 131 132 146 147 133 0
144 148 149 145 146 150 151 147 0
145 149 152 153 147 151 154 155 0
131 145 153 134 133 147 155 136 3
132 146 147 133 140 156 157 141 2
146 150 151 147 156 158 159 157 2
147 151 154 155 157 159 160 161 2
133 147 155 136 141 157 161 142 1
134 153 162 163 136 155 164 165 4
153 152 166 162 155 154 167 164 4
162 166 168 169 164 167 170 171 4
163 162 169 172 165 164 171 173 3
136 155 164 165 142 161 174 175 4
155 154 167 164 161 160 176 174 2
164 167 170 171 174 176 177 178 0
165 164 171 173 175 174 178 179 0
36 135 180 50 38 137 181 51 0
135 134 163 180 137 136 165 181 2
180 163 172 182 181 165 173 183 0
50 180 182 52 51 181 183 54 0
38 137 181 51 44 143 184 60 2
137 136 165 181 143 142 175 184 2
181 165 173 183 184 175 179 185 3
51 181 183 54 60 184 185 61 1
42 138 139 43 96 186 187 97 1
138 140 141 139 186 188 189 187 2
139 141 142 143 187 189 190 191 1
43 139 143 44 97 187 191 98 3
96 186 187 97 102 192 193 103 3
186 188 189 187 192 194 195 193 0
187 189 190 191 193 195 196 197 4
97 187 191 98 103 193 197 104 3
140 156 157 141 188 198 199 189 0
156 158 159 157 198 200 201 199 1
157 159 160 161 199 201 202 203 1
141 157 161 142 189 199 203 190 0
188 198 199 189 194 204 205 195 4
198 200 201 199 204 206 207 205 4
199 201 202 203 205 207 208 209 0
189 199 203 190 195 205 209 196 3
142 161 174 175 190 203 210 211 1
161 160 176 174 203 202 212 210 2
174 176 177 178 210 212 213 214 1
175 174 178 179 211 210 214 215 4
190 203 210 211 196 209 216 217 4
203 202 212 210 209 208 218 216 2
210 212 213 214 216 218 219 220 1
211 210 214 215 217 216 220 221 3
44 143 184 60 98 191 222 108 4
143 142 175 184 191 190 211 222 2
184 175 179 185 222 211 215 223 2
60 184 185 61 108 222 223 109 1
98 191 222 108 104 197 224 114 0
191 190 211 222 197 196 217 224 0
222 211 215 223 224 217 221 225 0
108 222 223 109 114 224 225 115 1
52 182 226 227 54 183 228 229 2
182 172 230 226 183 173 231 228 1
226 230 232 233 228 231 234 235 2
227 226 233 236 229 228 235 237 1
54 183 228 229 61 185 238 239 4
183 173 231 228 185 179 240 238 3
228 231 234 235 238 240 241 242 2
229 228 235 237 239 238 242 243 3
172 169 244 230 173 171 245 231 4
169 168 246 244 171 170 247 245 1
244 246 248 249 245 247 250 251 3
230 244 249 232 231 245 251 234 2
173 171 245 231 179 178 252 240 1
171 170 247 245 178 177 253 252 0
245 247 250 251 252 253 254 255 0
231 245 251 234 240 252 255 241 1
232 249 256 257 234 251 258 259 0
249 248 260 256 251 250 261 258 0
256 260 262 263 258 261 264 265 4
257 256 263 266 259 258 265 267 2
234 251 258 259 241 255 268 269 2
251 250 261 258 255 254 270 268 4
258 261 264 265 268 270 271 272 1
259 258 265 267 269 268 272 273 4
236 233 274 275 237 235 276 277 1
233 232 257 274 235 234 259 276 3
274 257 266 278 276 259 267 279 2
275 274 278 280 277 276 279 281 1
237 235 276 277 243 242 282 283 2
235 234 259 276 242 241 269 282 1
276 259 267 279 282 269 273 284 2
277 276 279 281 283 282 284 285 0
61 185 238 239 109 223 286 287 0
185 179 240 238 223 215 288 286 0
238 240 241 242 286 288 289 290 2
239 238 242 243 287 286 290 291 3
109 223 286 287 115 225 292 293 2
223 215 288 286 225 221 294 292 4
286 288 289 290 292 294 295 296 3
287 286 290 291 293 292 296 297 0
179 178 252 240 215 214 298 288 1
178 177 253 252 214 213 299 298 2
252 253 254 255 298 299 300 301 1
240 252 255 241 288 298 301 289 4
215 214 298 288 221 220 302 294 1
214 213 299 298 220 219 303 302 3
298 299 300 301 302 303 304 305 2
288 298 301 289 294 302 305 295 3
241 255 268 269 289 301 306 307 4
255 254 270 268 301 300 308 306 2
268 270 271 272 306 308 309 310 0
269 268 272 273 307 306 310 311 1
289 301 306 307 295 305 312 313 2
301 300 308 306 305 304 314 312 2
306 308 309 310 312 314 315 316 1
307 306 310 311 313 312 316 317 2
243 242 282 283 291 290 318 319 1
242 241 269 282 290 289 307 318 4
282 269 273 284 318 307 311 320 1
283 282 284 285 319 318 320 321 4
291 290 318 319 297 296 322 323 1
290 289 307 318 296 295 313 322 4
318 307 311 320 322 313 317 324 4
319 318 320 321 323 322 324 325 1
70 68 326 327 71 69 328 329 3
68 56 330 326 69 57 331 328 1
326 330 332 333 328 331 334 335 0
327 326 333 336 329 328 335 337 0
71 69 328 329 75 74 338 339 3
69 57 331 328 74 63 340 338 2
328 331 334 335 338 340 341 342 3
329 328 335 337 339 338 342 343 2
56 53 344 330 57 55 345 331 4
53 52 227 344 55 54 229 345 2
344 227 236 346 345 229 237 347 3
330 344 346 332 331 345 347 334 0
57 55 345 331 63 62 348 340 3
55 54 229 345 62 61 239 348 0
345 229 237 347 348 239 243 349 3
331 345 347 334 340 348 349 341 1
332 346 350 351 334 347 352 353 2
346 236 275 350 347 237 277 352 2
350 275 280 354 352 277 281 355 4
351 350 354 356 353 352 355 357 3
334 347 352 353 341 349 358 359 0
347 237 277 352 349 243 283 358 0
352 277 281 355 358 283 285 360 2
353 352 355 357 359 358 360 361 4
336 333 362 363 337 335 364 365 4
333 332 351 362 335 334 353 364 4
362 351 356 366 364 353 357 367 0
363 362 366 368 365 364 367 369 0
337 335 364 365 343 342 370 371 1
335 334 353 364 342 341 359 370 1
364 353 357 367 370 359 361 372 1
365 364 367 369 371 370 372 373 3
75 74 338 339 121 120 374 375 4
74 63 340 338 120 111 376 374 0
338 340 341 342 374 376 377 378 2
339 338 342 343 375 374 378 379 2
121 120 374 375 125 124 380 381 2
120 111 376 374 124 117 382 380 2
374 376 377 378 380 382 383 384 1
375 374 378 379 381 380 384 385 4
63 62 348 340 111 110 386 376 0
62 61 239 348 110 109 287 386 0
348 239 243 349 386 287 291 387 2
340 348 349 341 376 386 387 377 0
111 110 386 376 117 116 388 382 0
110 109 287 386 116 115 293 388 3
386 287 291 387 388 293 297 389 4
376 386 387 377 382 388 389 383 4
341 349 358 359 377 387 390 391 2
349 243 283 358 387 291 319 390 2
358 283 285 360 390 319 321 392 1
359 358 360 361 391 390 392 393 1
377 387 390 391 383 389 394 395 4
387 291 319 390 389 297 323 394 4
390 319 321 392 394 323 325 396 2
391 390 392 393 395 394 396 397 4
343 342 370 371 379 378 398 399 4
342 341 359 370 378 377 391 398 1
370 359 361 372 398 391 393 400 3
371 370 372 373 399 398 400 401 1
379 378 398 399 385 384 402 403 2
378 377 391 398 384 383 395 402 2
398 391 393 400 402 395 397 404 4
399 398 400 401 403 402 404 405 1
85 86 87 88 406 407 408 409 1
86 89 90 87 407 410 411 408 2
87 90 91 92 408 411 412 413 0
88 87 92 93 409 408 413 414 1
406 407 408 409 415 416 417 418 4
407 410 411 408 416 419 420 417 2
408 411 412 413 417 420 421 422 2
409 408 413 414 418 417 422 423 2
89 100 101 90 410 424 425 411 4
100 102 103 101 424 426 427 425 3
101 103 104 105 425 427 428 429 4
90 101 105 91 411 425 429 412 0
410 424 425 411 419 430 431 420 0
424 426 427 425 430 432 433 431 3
425 427 428 429 431 433 434 435 1
411 425 429 412 420 431 435 421 0
91 105 112 113 412 429 436 437 0
105 104 114 112 429 428 438 436 3
112 114 115 116 436 438 439 440 0
113 112 116 117 437 436 440 441 1
412 429 436 437 421 435 442 443 4
429 428 438 436 435 434 444 442 2
436 438 439 440 442 444 445 446 0
437 436 440 441 443 442 446 447 0
93 92 122 123 414 413 448 449 4
92 91 113 122 413 412 437 448 1
122 113 117 124 448 437 441 450 2
123 122 124 125 449 448 450 451 0
414 413 448 449 423 422 452 453 4
413 412 437 448 422 421 443 452 0
448 437 441 450 452 443 447 454 2
449 448 450 451 453 452 454 455 3
415 416 417 418 456 457 458 459 1
416 419 420 417 457 460 461 458 1
417 420 421 422 458 461 462 463 0
418 417 422 423 459 458 463 464 1
456 457 458 459 465 466 467 468 1
457 460 461 458 466 469 470 467 4
458 461 462 463 467 470 471 472 4
459 458 463 464 468 467 472 473 4
419 430 431 420 460 474 475 461 4
430 432 433 431 474 476 477 475 3
431 433 434 435 475 477 478 479 0
420 431 435 421 461 475 479 462 4
460 474 475 461 469 480 481 470 0
474 476 477 475 480 482 483 481 2
475 477 478 479 481 483 484 485 1
461 475 479 462 470 481 485 471 4
421 435 442 443 462 479 486 487 3
435 434 444 442 479 478 488 486 2
442 444 445 446 486 488 489 490 4
443 442 446 447 487 486 490 491 4
462 479 486 487 471 485 492 493 0
479 478 488 486 485 484 494 492 0
486 488 489 490 492 494 495 496 4
487 486 490 491 493 492 496 497 3
423 422 452 453 464 463 498 499 0
422 421 443 452 463 462 487 498 1
452 443 447 454 498 487 491 500 3
453 452 454 455 499 498 500 501 0
464 463 498 499 473 472 502 503 1
463 462 487 498 472 471 493 502 1
498 487 491 500 502 493 497 504 1
499 498 500 501 503 502 504 505 3
102 192 193 103 426 506 507 427 3
192 194 195 193 506 508 509 507 0
193 195 196 197 507 509 510 511 4
103 193 197 104 427 507 511 428 4
426 506 507 427 432 512 513 433 0
506 508 509 507 512 514 515 513 2
507 509 510 511 513 515 516 517 1
427 507 511 428 433 513 517 434 3
194 204 205 195 508 518 519 509 3
204 206 207 205 518 520 521 519 0
205 207 208 209 519 521 522 523 3
195 205 209 196 509 519 523 510 1
508 518 519 509 514 524 525 515 4
518 520 521 519 524 526 527 525 0
519 521 522 523 525 527 528 529 4
509 519 523 510 515 525 529 516 1
196 209 216 217 510 523 530 531 3
209 208 218 216 523 522 532 530 2
216 218 219 220 530 532 533 534 3
217 216 220 221 531 530 534 535 1
510 523 530 531 516 529 536 537 1
523 522 532 530 529 528 538 536 2
530 532 533 534 536 538 539 540 4
531 530 534 535 537 536 540 541 2
104 197 224 114 428 511 542 438 4
197 196 217 224 511 510 531 542 2
224 217 221 225 542 531 535 543 3
114 224 225 115 438 542 543 439 4
428 511 542 438 434 517 544 444 4
511 510 531 542 517 516 537 544 1
542 531 535 543 544 537 541 545 4
438 542 543 439 444 544 545 445 0
432 512 513 433 476 546 547 477 4
512 514 515 513 546 548 549 547 1
513 515 516 517 547 549 550 551 3
433 513 517 434 477 547 551 478 3
476 546 547 477 482 552 553 483 3
546 548 549 547 552 554 555 553 0
547 549 550 551 553 555 556 557 2
477 547 551 478 483 553 557 484 0
514 524 525 515 548 558 559 549 4
524 526 527 525 558 560 561 559 0
525 527 528 529 559 561 562 563 2
515 525 529 516 549 559 563 550 3
548 558 559 549 554 564 565 555 2
558 560 561 559 564 566 567 565 3
559 561 562 563 565 567 568 569 2
549 559 563 550 555 565 569 556 4
516 529 536 537 550 563 570 571 3
529 528 538 536 563 562 572 570 2
536 538 539 540 570 572 573 574 1
537 536 540 541 571 570 574 575 0
550 563 570 571 556 569 576 577 4
563 562 572 570 569 568 578 576 4
570 572 573 574 576 578 579 580 2
571 570 574 575 577 576 580 581 1
434 517 544 444 478 551 582 488 3
517 516 537 544 551 550 571 582 2
544 537 541 545 582 571 575 583 2
444 544 545 445 488 582 583 489 0
478 551 582 488 484 557 584 494 0
551 550 571 582 557 556 577 584 0
582 571 575 583 584 577 581 585 3
488 582 583 489 494 584 585 495 3
115 225 292 293 439 543 586 587 4
225 221 294 292 543 535 588 586 1
292 294 295 296 586 588 589 590 3
293 292 296 297 587 586 590 591 4
439 543 586 587 445 545 592 593 2
543 535 588 586 545 541 594 592 0
586 588 589 590 592 594 595 596 2
587 586 590 591 593 592 596 597 3
221 220 302 294 535 534 598 588 0
220 219 303 302 534 533 599 598 0
302 303 304 305 598 599 600 601 1
294 302 305 295 588 598 601 589 4
535 534 598 588 541 540 602 594 3
534 533 599 598 540 539 603 602 1
598 599 600 601 602 603 604 605 1
588 598 601 589 594 602 605 595 3
295 305 312 313 589 601 606 607 3
305 304 314 312 601 600 608 606 1
312 314 315 316 606 608 609 610 2
313 312 316 317 607 606 610 611 0
589 601 606 607 595 605 612 613 0
601 600 608 606 605 604 614 612 4
606 608 609 610 612 614 615 616 4
607 606 610 611 613 612 616 617 2
297 296 322 323 591 590 618 619 4
296 295 313 322 590 589 607 618 0
322 313 317 324 618 607 611 620 1
323 322 324 325 619 618 620 621 4
591 590 618 619 597 596 622 623 0
590 589 607 618 596 595 613 622 4
618 607 611 620 622 613 617 624 1
619 618 620 621 623 622 624 625 1
445 545 592 593 489 583 626 627 0
545 541 594 592 583 575 628 626 3
592 594 595 596 626 628 629 630 2
593 592 596 597 627 626 630 631 0
489 583 626 627 495 585 632 633 4
583 575 628 626 585 581 634 632 0
626 628 629 630 632 634 635 636 2
627 626 630 631 633 632 636 637 2
541 540 602 594 575 574 638 628 2
540 539 603 602 574 573 639 638 3
602 603 604 605 638 639 640 641 4
594 602 605 595 628 638 641 629 1
575 574 638 628 581 580 642 634 2
574 573 639 638 580 579 643 642 2
638 639 640 641 642 643 644 645 3
628 638 641 629 634 642 645 635 4
595 605 612 613 629 641 646 647 3
605 604 614 612 641 640 648 646 0
612 614 615 616 646 648 649 650 0
613 612 616 617 647 646 650 651 0
629 641 646 647 635 645 652 653 1
641 640 648 646 645 644 654 652 1
646 648 649 650 652 654 655 656 3
647 646 650 651 653 652 656 657 0
597 596 622 623 631 630 658 659 0
596 595 613 622 630 629 647 658 3
622 613 617 624 658 647 651 660 1
623 622 624 625 659 658 660 661 2
631 630 658 659 637 636 662 663 1
630 629 647 658 636 635 653 662 3
658 647 651 660 662 653 657 664 0
659 658 660 661 663 662 664 665 4
125 124 380 381 451 450 666 667 2
124 117 382 380 450 441 668 666 4
380 382 383 384 666 668 669 670 2
381 380 384 385 667 666 670 671 0
451 450 666 667 455 454 672 673 0
450 441 668 666 454 447 674 672 2
666 668 669 670 672 674 675 676 2
667 666 670 671 673 672 676 677 1
117 116 388 382 441 440 678 668 4
116 115 293 388 440 439 587 678 4
388 293 297 389 678 587 591 679 1
382 388 389 383 668 678 679 669 2
441 440 678 668 447 446 680 674 3
440 439 587 678 446 445 593 680 2
678 587 591 679 680 593 597 681 1
668 678 679 669 674 680 681 675 1
383 389 394 395 669 679 682 683 0
389 297 323 394 679 591 619 682 1
394 323 325 396 682 619 621 684 3
395 394 396 397 683 682 684 685 4
669 679 682 683 675 681 686 687 0
679 591 619 682 681 597 623 686 1
682 619 621 684 686 623 625 688 4
683 682 684 685 687 686 688 689 4
385 384 402 403 671 670 690 691 4
384 383 395 402 670 669 683 690 3
402 395 397 404 690 683 685 692 2
403 402 404 405 691 690 692 693 2
671 670 690 691 677 676 694 695 4
670 669 683 690 676 675 687 694 0
690 683 685 692 694 687 689 696 2
691 690 692 693 695 694 696 697 3
455 454 672 673 501 500 698 699 4
454 447 674 672 500 491 700 698 4
672 674 675 676 698 700 701 702 3
673 672 676 677 699 698 702 703 2
501 500 698 699 505 504 704 705 4
500 491 700 698 504 497 706 704 0
698 700 701 702 704 706 707 708 0
699 698 702 703 705 704 708 709 0
447 446 680 674 491 490 710 700 4
446 445 593 680 490 489 627 710 4
680 593 597 681 710 627 631 711 3
674 680 681 675 700 710 711 701 2
491 490 710 700 497 496 712 706 1
490 489 627 710 496 495 633 712 0
710 627 631 711 712 633 637 713 1
700 710 711 701 706 712 713 707 0
675 681 686 687 701 711 714 715 1
681 597 623 686 711 631 659 714 2
686 623 625 688 714 659 661 716 1
687 686 688 689 715 714 716 717 2
701 711 714 715 707 713 718 719 3
711 631 659 714 713 637 663 718 4
714 659 661 716 718 663 665 720 1
715 714 716 717 719 718 720 721 3
677 676 694 695 703 702 722 723 0
676 675 687 694 702 701 715 722 2
694 687 689 696 722 715 717 724 4
695 694 696 697 723 722 724 725 4
703 702 722 723 709 708 726 727 3
702 701 715 722 708 707 719 726 4
722 715 717 724 726 719 721 728 0
723 722 724 725 727 726 728 729 0
End